TOTAL_BASES	EXPECTED_COVERED_BASES	LOWER_95%CI	UPPER_95%CI
0	0	0	0
1000000000.0	807091660.0	806984498.0	807198990.2
2000000000.0	1344721785.0	1344584542.5	1344890030.5
3000000000.0	1714721792.7	1714580040.4	1714915739.8
4000000000.0	1976283716.0	1976100993.0	1976530783.0
5000000000.0	2165584434.1	2165283093.3	2165924795.4
6000000000.0	2305466099.5	2304966097.6	2306006117.2
7000000000.0	2410879196.2	2410042770.7	2411720541.8
8000000000.0	2491682001.5	2490398177.4	2493157744.5
9000000000.0	2554742534.3	2552816414.4	2557275548.1
10000000000.0	2604663780.8	2601948421.8	2608756341.6
11000000000.0	2644736761.7	2641114398.7	2650877107.0
12000000000.0	2677530401.7	2672678791.3	2686278840.0
13000000000.0	2704864364.8	2698524034.7	2716747594.6
14000000000.0	2727623204.7	2719766566.9	2743475510.7
15000000000.0	2746208238.1	2737338269.9	2767375790.9
16000000000.0	2761945846.1	2752036414.8	2789132276.9
17000000000.0	2775848419.2	2764434460.6	2809246796.8
18000000000.0	2788045696.2	2774978080.0	2828087255.4
19000000000.0	2799124553.6	2784008192.2	2845922734.8
20000000000.0	2808673144.3	2791793723.0	2862949346.5
21000000000.0	2817205683.1	2798548561.5	2879309393.9
22000000000.0	2825099960.0	2804444143.2	2895105631.0
23000000000.0	2832538157.8	2809549283.4	2910411890.5
24000000000.0	2839415499.9	2814004834.8	2925281002.1
25000000000.0	2845814794.9	2817938694.6	2939750680.0
26000000000.0	2851803438.9	2821427441.0	2953847882.8
27000000000.0	2857436615.6	2824534545.5	2967592024.8
28000000000.0	2862759777.2	2827312903.4	2980997324.5
29000000000.0	2867788866.4	2829806824.9	2995017859.0
30000000000.0	2872215908.4	2832053610.9	3008838363.0
31000000000.0	2876413057.5	2834084808.7	3022442814.2
32000000000.0	2880163964.7	2835927218.2	3035833951.9
33000000000.0	2883701484.2	2837603703.1	3049013968.7
34000000000.0	2887337739.2	2839133848.0	3061984824.8
35000000000.0	2890818999.3	2840534493.4	3074748454.2
36000000000.0	2894169729.3	2841820174.1	3087306892.7
37000000000.0	2897917823.3	2843003479.1	3099662351.0
38000000000.0	2901566189.6	2844095349.3	3111817249.4
39000000000.0	2905122020.6	2845105324.1	3123774226.6
40000000000.0	2908591575.9	2846041747.1	3135536132.1
41000000000.0	2911980330.5	2846862232.4	3147106007.6
42000000000.0	2915293096.4	2847570069.2	3158487062.6
43000000000.0	2918534124.2	2848224435.6	3169682647.2
44000000000.0	2921174407.0	2848830459.4	3180696224.6
45000000000.0	2923642151.9	2849392685.7	3191531343.9
46000000000.0	2926036516.8	2849915152.8	3202191614.8
47000000000.0	2928361439.4	2850401456.7	3212680684.4
48000000000.0	2930620520.4	2850854807.1	3223109206.5
49000000000.0	2932817063.3	2851282269.8	3233519846.2
50000000000.0	2934954107.4	2851688897.1	3243779657.2
51000000000.0	2937034457.5	2852135171.9	3253891669.5
52000000000.0	2939060708.6	2852558686.9	3263858891.2
53000000000.0	2941035267.9	2852960486.9	3273684300.3
54000000000.0	2942960374.0	2853342218.0	3283370836.7
55000000000.0	2944838113.3	2853705371.0	3292921396.4
56000000000.0	2946396473.3	2854051297.7	3304583483.0
57000000000.0	2947867076.4	2854381226.5	3316258188.7
58000000000.0	2949297518.8	2854696275.6	3327856596.5
59000000000.0	2950689576.8	2854997464.2	3339377631.1
60000000000.0	2952044912.9	2855285723.2	3350820337.4
61000000000.0	2953365086.2	2855561904.1	3362183874.6
62000000000.0	2954651560.3	2855826786.6	3373467509.8
63000000000.0	2955905711.5	2856081086.4	3384670612.1
64000000000.0	2957128835.2	2856325460.7	3395792646.8
65000000000.0	2958485752.4	2856560514.4	3406833169.6
66000000000.0	2960095403.6	2856786804.8	3417791821.6
67000000000.0	2961677786.9	2857004846.0	3428668323.3
68000000000.0	2963233677.9	2857215113.0	3439462470.2
69000000000.0	2964763815.8	2857418045.1	3450174127.4
70000000000.0	2966268905.6	2857614049.4	3460803225.7
71000000000.0	2967749620.9	2857803503.1	3471349756.4
72000000000.0	2969206605.6	2857986756.6	3481813768.0
73000000000.0	2970640476.4	2858164135.7	3492195361.5
74000000000.0	2972051824.5	2858335943.4	3502494687.0
75000000000.0	2973441217.1	2858502462.2	3512711940.5
76000000000.0	2975024709.3	2858663955.4	3522847359.9
77000000000.0	2976599044.7	2858820669.0	3532901222.4
78000000000.0	2978151204.7	2858972832.8	3542873841.3
79000000000.0	2979681647.7	2859120661.9	3552765563.2
80000000000.0	2981190818.8	2859264357.8	3562576765.4
81000000000.0	2982679149.9	2859404109.2	3572307853.8
82000000000.0	2984147060.5	2859540093.5	3581959259.9
83000000000.0	2985594958.4	2859672477.1	3591531439.2
84000000000.0	2987023240.3	2859801416.4	3599973260.2
85000000000.0	2988432291.7	2859927058.8	3606404165.0
86000000000.0	2989822488.1	2860049543.0	3612754531.5
87000000000.0	2991194194.8	2860168999.7	3619025932.4
88000000000.0	2992452549.0	2860285552.3	3625219897.3
89000000000.0	2993587292.5	2860399317.3	3631337914.8
90000000000.0	2994704731.7	2860510404.7	3637381433.8
91000000000.0	2995805255.5	2860618918.8	3643351864.8
92000000000.0	2996889241.4	2860724958.0	3649250581.2
93000000000.0	2997957055.4	2860828615.7	3655078920.8
94000000000.0	2999009052.9	2860929980.3	3660838186.4
95000000000.0	3000045578.6	2861029135.9	3666529647.6
96000000000.0	3001066967.5	2861126162.0	3672154541.7
97000000000.0	3002073544.7	2861221134.5	3677714074.7
98000000000.0	3003065626.2	2861314125.2	3683209422.1
99000000000.0	3004043519.0	2861405202.6	3688641730.5
