Sample	raw_total_sequences	filtered_sequences	sequences	is_sorted	1st_fragments	last_fragments	reads_mapped	reads_mapped_and_paired	reads_unmapped	reads_properly_paired	reads_paired	reads_duplicated	reads_MQ0	reads_QC_failed	non-primary_alignments	supplementary_alignments	total_length	total_first_fragment_length	total_last_fragment_length	bases_mapped	bases_mapped_(cigar)	bases_trimmed	bases_duplicated	mismatches	error_rate	average_length	average_first_fragment_length	average_last_fragment_length	maximum_length	maximum_first_fragment_length	maximum_last_fragment_length	average_quality	insert_size_average	insert_size_standard_deviation	inward_oriented_pairs	outward_oriented_pairs	pairs_with_other_orientation	pairs_on_different_chromosomes	percentage_of_properly_paired_reads_(%)	reads_mapped_percent	reads_mapped_and_paired_percent	reads_unmapped_percent	reads_properly_paired_percent	reads_paired_percent	reads_duplicated_percent	reads_MQ0_percent	reads_QC_failed_percent
P33410_1001.md	3935996.0	0.0	3935996.0	1.0	1967998.0	1967998.0	3935280.0	3935024.0	716.0	3802540.0	3935996.0	1365.0	121726.0	0.0	0.0	112925.0	562707053.0	281303928.0	281403125.0	562618699.0	560625832.0	0.0	192090.0	2337649.0	0.004169713	143.0	143.0	143.0	151.0	151.0	151.0	38.9	219.6	102.2	1664775.0	248691.0	36063.0	17983.0	96.6	99.98180892460256	99.97530485295208	0.018191075397434347	96.6093461477095	100.0	0.03467991329259481	3.092635256743147	0.0
P33410_1002.md	3946922.0	0.0	3946922.0	1.0	1973461.0	1973461.0	3946317.0	3946104.0	605.0	3810594.0	3946922.0	1475.0	119028.0	0.0	0.0	118377.0	563222040.0	281565539.0	281656501.0	563144848.0	561390226.0	0.0	202831.0	2308475.0	0.004112069	143.0	143.0	143.0	151.0	151.0	151.0	39.0	220.5	105.1	1661656.0	256294.0	38385.0	16717.0	96.5	99.98467159979346	99.97927498947281	0.01532840020654069	96.54596670519457	100.0	0.03737089306553309	3.015717057494422	0.0
P33410_1003.md	3951100.0	0.0	3951100.0	1.0	1975550.0	1975550.0	3950471.0	3950194.0	629.0	3814704.0	3951100.0	1599.0	120180.0	0.0	0.0	120869.0	561210798.0	280559600.0	280651198.0	561130568.0	559341423.0	0.0	221701.0	2269831.0	0.004058042	142.0	142.0	142.0	151.0	151.0	151.0	39.0	217.6	105.1	1650068.0	270324.0	37768.0	16937.0	96.5	99.98408038267824	99.97706967679886	0.0159196173217585	96.54789805370656	100.0	0.040469742603325656	3.041684594163651	0.0
P33410_1004.md	3947860.0	0.0	3947860.0	1.0	1973930.0	1973930.0	3947165.0	3946892.0	695.0	3810766.0	3947860.0	1681.0	126931.0	0.0	0.0	128007.0	559943500.0	279923230.0	280020270.0	559853153.0	557675220.0	0.0	232792.0	2339937.0	0.004195878	142.0	142.0	142.0	151.0	151.0	151.0	39.0	214.6	102.4	1642708.0	275830.0	37910.0	16998.0	96.5	99.9823955256772	99.97548038684249	0.01760447432279767	96.52738445638903	100.0	0.0425800307001768	3.215184935636015	0.0
P33410_1005.md	3950382.0	0.0	3950382.0	1.0	1975191.0	1975191.0	3949639.0	3949390.0	743.0	3815156.0	3950382.0	1736.0	121032.0	0.0	0.0	121312.0	561840203.0	280877641.0	280962562.0	561741991.0	559752732.0	0.0	244138.0	2372645.0	0.004238738	142.0	142.0	142.0	151.0	151.0	151.0	38.9	217.2	103.8	1653473.0	267124.0	37610.0	16488.0	96.6	99.98119169234772	99.9748885044535	0.018808307652272618	96.57688800728639	100.0	0.04394511720638662	3.063804968734669	0.0
P33410_1006.md	3947110.0	0.0	3947110.0	1.0	1973555.0	1973555.0	3946381.0	3946124.0	729.0	3814906.0	3947110.0	1572.0	128940.0	0.0	0.0	120588.0	560335341.0	280123771.0	280211570.0	560239195.0	558191077.0	0.0	218687.0	2312779.0	0.004143346	142.0	142.0	142.0	151.0	151.0	151.0	39.0	214.7	101.9	1645333.0	274813.0	37187.0	15729.0	96.7	99.98153079088245	99.97501969795623	0.018469209117556895	96.65061272677985	100.0	0.039826607315225575	3.2666938595580057	0.0
P33410_1008.md	3935340.0	0.0	3935340.0	1.0	1967670.0	1967670.0	3934729.0	3934478.0	611.0	3805642.0	3935340.0	1223.0	122276.0	0.0	0.0	113773.0	558124063.0	279010284.0	279113779.0	558050653.0	556216767.0	0.0	171288.0	2333553.0	0.004195402	142.0	142.0	142.0	151.0	151.0	151.0	38.9	215.6	101.9	1643460.0	270832.0	35582.0	17365.0	96.7	99.98447402257491	99.97809592055579	0.01552597742507636	96.70427459889108	100.0	0.03107736561516921	3.1071267031565255	0.0
P33410_1009.md	3937620.0	0.0	3937620.0	1.0	1968810.0	1968810.0	3937100.0	3936884.0	520.0	3811120.0	3937620.0	1474.0	112818.0	0.0	0.0	105652.0	561293961.0	280601083.0	280692878.0	561229140.0	559580967.0	0.0	207944.0	2256810.0	0.004033036	143.0	143.0	143.0	151.0	151.0	151.0	39.0	218.7	102.0	1659253.0	257824.0	33978.0	17387.0	96.8	99.9867940532606	99.98130850615347	0.013205946739400959	96.78739949512651	100.0	0.03743377979591733	2.8651317293187253	0.0
P33410_1010.md	3941946.0	0.0	3941946.0	1.0	1970973.0	1970973.0	3941275.0	3940984.0	671.0	3803138.0	3941946.0	1384.0	121259.0	0.0	0.0	118503.0	561532574.0	280715276.0	280817298.0	561449475.0	559578633.0	0.0	194536.0	2324226.0	0.004153529	142.0	142.0	142.0	151.0	151.0	151.0	38.9	220.7	106.0	1655374.0	258294.0	38579.0	18245.0	96.5	99.98297795048435	99.97559580978532	0.017022049515645316	96.47869351837899	100.0	0.035109562637336986	3.076120271561305	0.0
P33410_1011.md	3950436.0	0.0	3950436.0	1.0	1975218.0	1975218.0	3949644.0	3949268.0	792.0	3810974.0	3950436.0	2428.0	133382.0	0.0	0.0	127199.0	559999427.0	279948739.0	280050688.0	559900417.0	557443431.0	0.0	339932.0	2311924.0	0.004147369	142.0	142.0	142.0	151.0	151.0	151.0	39.0	216.0	104.9	1643355.0	275556.0	39273.0	16450.0	96.5	99.97995158002813	99.97043364327381	0.02004841997187146	96.46970612863997	100.0	0.061461570317807954	3.3763868089496953	0.0
P33410_1012.md	3951204.0	0.0	3951204.0	1.0	1975602.0	1975602.0	3950605.0	3950388.0	599.0	3828994.0	3951204.0	2306.0	124063.0	0.0	0.0	102114.0	564339335.0	282123614.0	282215721.0	564262929.0	562639077.0	0.0	324132.0	2355494.0	0.00418651	143.0	143.0	143.0	151.0	151.0	151.0	38.9	218.5	100.0	1673303.0	252261.0	32995.0	16635.0	96.9	99.98484006394001	99.97934806707019	0.015159936059995889	96.90701872138214	100.0	0.05836195751978384	3.1398783763126383	0.0
P33410_1013.md	3951030.0	0.0	3951030.0	1.0	1975515.0	1975515.0	3950071.0	3949490.0	959.0	3792548.0	3951030.0	2690.0	119622.0	0.0	0.0	170971.0	549773763.0	274715085.0	275058678.0	549695822.0	547742780.0	0.0	387209.0	2277797.0	0.004158516	139.0	139.0	139.0	151.0	151.0	151.0	39.0	208.4	96.6	1628891.0	284125.0	47502.0	14227.0	96.0	99.97572784818136	99.96102282189707	0.024272151818639696	95.98884341551444	100.0	0.0680835124005639	3.0276155837844816	0.0
P33410_1014.md	3952386.0	0.0	3952386.0	1.0	1976193.0	1976193.0	3951431.0	3950900.0	955.0	3792952.0	3952386.0	2865.0	121878.0	0.0	0.0	181153.0	549998088.0	274837601.0	275160487.0	549910205.0	547969428.0	0.0	409718.0	2291948.0	0.00418262	139.0	139.0	139.0	151.0	151.0	151.0	39.0	205.3	92.9	1625809.0	286842.0	49474.0	13325.0	96.0	99.97583738025587	99.9624024576547	0.024162619744124182	95.96613286252912	100.0	0.07248785923237254	3.0836563028003843	0.0
P33410_1015.md	3952078.0	0.0	3952078.0	1.0	1976039.0	1976039.0	3951069.0	3950494.0	1009.0	3796832.0	3952078.0	2464.0	122909.0	0.0	0.0	177348.0	545746452.0	272687133.0	273059319.0	545656786.0	543697109.0	0.0	349462.0	2260438.0	0.004157532	138.0	138.0	138.0	151.0	151.0	151.0	39.0	202.6	94.9	1607548.0	307009.0	46503.0	14187.0	96.1	99.97446912738059	99.95991981939628	0.025530872619416924	96.07178805681467	100.0	0.06234694760579118	3.109984165292284	0.0
P33410_1016.md	3946442.0	0.0	3946442.0	1.0	1973221.0	1973221.0	3945270.0	3944552.0	1172.0	3771112.0	3946442.0	3018.0	113299.0	0.0	0.0	187621.0	557533846.0	278612224.0	278921622.0	557434765.0	555501062.0	0.0	434179.0	2288335.0	0.004119407	141.0	141.0	141.0	151.0	151.0	151.0	39.0	215.8	96.1	1653946.0	249029.0	54570.0	14731.0	95.6	99.97030236349603	99.95210876024531	0.029697636503969907	95.55726398614244	100.0	0.07647394792575185	2.8709151179720873	0.0
P33410_1017.md	3949302.0	0.0	3949302.0	1.0	1974651.0	1974651.0	3948099.0	3947278.0	1203.0	3786536.0	3949302.0	2585.0	126908.0	0.0	0.0	183698.0	546963150.0	273260869.0	273702281.0	546880583.0	544784980.0	0.0	372552.0	2273302.0	0.004172843	138.0	138.0	139.0	151.0	151.0	151.0	39.0	203.5	94.6	1609830.0	300723.0	48754.0	14332.0	95.9	99.96953892105492	99.94875043741906	0.030461078945089537	95.87861348663638	100.0	0.06545460438325558	3.2134286008008504	0.0
P33410_1018.md	3954502.0	0.0	3954502.0	1.0	1977251.0	1977251.0	3953667.0	3953180.0	835.0	3794376.0	3954502.0	2501.0	121426.0	0.0	0.0	185057.0	550798051.0	275243416.0	275554635.0	550725747.0	548801843.0	0.0	350883.0	2233519.0	0.004069809	139.0	139.0	139.0	151.0	151.0	151.0	39.0	204.2	93.0	1623405.0	291473.0	49175.0	12537.0	96.0	99.97888482544704	99.96656974759401	0.02111517455295256	95.95079228686697	100.0	0.06324437312207706	3.0705762697806196	0.0
P33410_1019.md	3953696.0	0.0	3953696.0	1.0	1976848.0	1976848.0	3952655.0	3952126.0	1041.0	3790298.0	3953696.0	2443.0	144921.0	0.0	0.0	194470.0	548096082.0	273889594.0	274206488.0	548000087.0	545929579.0	0.0	343974.0	2344861.0	0.004295171	139.0	139.0	139.0	151.0	151.0	151.0	39.0	199.8	91.1	1605052.0	307721.0	49439.0	13851.0	95.9	99.97367020630823	99.96029032075305	0.026329793691775995	95.86720880917501	100.0	0.06179028433142053	3.6654563223879633	0.0
P33410_1020.md	3953396.0	0.0	3953396.0	1.0	1976698.0	1976698.0	3951921.0	3950924.0	1475.0	3776838.0	3953396.0	3462.0	107874.0	0.0	0.0	193701.0	554670008.0	277110258.0	277559750.0	554572550.0	552467275.0	0.0	497961.0	2262525.0	0.00409531	140.0	140.0	140.0	151.0	151.0	151.0	39.1	212.0	95.9	1640135.0	265439.0	54886.0	15002.0	95.5	99.96269030474053	99.937471480216	0.03730969525946806	95.53401683008734	100.0	0.08757028134798538	2.7286414009626156	0.0
P33410_1021.md	3950406.0	0.0	3950406.0	1.0	1975203.0	1975203.0	3949380.0	3948762.0	1026.0	3787278.0	3950406.0	2465.0	127680.0	0.0	0.0	184891.0	548227660.0	273940353.0	274287307.0	548139024.0	546030531.0	0.0	347799.0	2300932.0	0.004213925	139.0	139.0	139.0	151.0	151.0	151.0	39.0	204.6	94.7	1615776.0	295378.0	49008.0	14219.0	95.9	99.97402798598422	99.9583840243256	0.025972014015774585	95.87060165461475	100.0	0.06239864965778201	3.2320728552963924	0.0
P33410_1022.md	3951804.0	0.0	3951804.0	1.0	1975902.0	1975902.0	3950820.0	3950274.0	984.0	3792436.0	3951804.0	2650.0	118285.0	0.0	0.0	181820.0	551042598.0	275355061.0	275687537.0	550957932.0	549028276.0	0.0	378989.0	2246929.0	0.004092556	139.0	139.0	140.0	151.0	151.0	151.0	39.0	204.8	92.9	1624628.0	288475.0	49352.0	12682.0	96.0	99.97509997965486	99.96128350495115	0.024900020345138576	95.96720890003654	100.0	0.06705798162054596	2.9931899456551996	0.0
P33410_1024.md	3954260.0	0.0	3954260.0	1.0	1977130.0	1977130.0	3953521.0	3953076.0	739.0	3817024.0	3954260.0	2653.0	102606.0	0.0	0.0	157202.0	551710372.0	275712078.0	275998294.0	551649699.0	549972683.0	0.0	377878.0	2149999.0	0.003909283	140.0	139.0	140.0	151.0	151.0	151.0	39.0	203.5	91.6	1630613.0	293295.0	41910.0	10720.0	96.5	99.98131129465438	99.97005760875612	0.01868870534562725	96.52941384734439	100.0	0.06709219929898388	2.594821787135899	0.0
