Sample	chr1	chr2	chr3	chr4	chr5	chr6	chr7	chr8	chr9	chr10	chr11	chr12	chr13	chr14	chr15	chr16	chr17	chr18	chr19	chr20	chr21	chr22	chrX	chrY
P33410_1001	4.37312	3.4745500000000007	4.7905	3.6449499999999997	4.42179	2.5792	4.342129999999999	3.75511	3.8175300000000005	3.685549999999999	4.44854	3.7588599999999994	2.53227	2.30992	4.35052	3.377090000000001	3.84467	4.28276	3.9689999999999994	3.6919699999999995	4.701309999999999	3.47276	2.57796	0.037169999999999925
P33410_1002	4.63094	5.08803	4.76473	3.1380099999999995	4.5427	3.27407	5.69884	3.4729099999999997	2.76325	3.0729800000000003	2.79271	2.70443	1.95717	2.4551000000000003	4.996569999999999	2.40292	3.52876	3.2168	3.6214399999999998	4.47612	3.34528	2.9565400000000004	3.5131500000000004	0.03834000000000004
P33410_1003	3.9596600000000004	5.506650000000001	5.01743	5.4357999999999995	3.0907400000000003	3.6925299999999996	4.603140000000001	1.8520599999999998	4.808909999999999	3.54293	2.06382	3.3967399999999994	1.07044	2.88866	3.1215200000000003	3.9802400000000002	4.3057799999999995	3.2502699999999995	4.461600000000001	1.57272	4.20312	2.5569499999999996	3.1432599999999997	0.02743999999999991
P33410_1004	4.1898	3.9012400000000005	4.13222	3.6598100000000002	4.23469	2.8189800000000003	5.52095	2.8876	3.3598	4.210529999999999	3.5643000000000002	2.92934	3.20327	2.1360499999999996	4.153880000000001	3.3705100000000003	3.5723600000000006	4.7191399999999994	4.18315	4.7726299999999995	4.04646	3.544039999999999	2.54279	0.03865999999999992
P33410_1005	3.26884	4.264060000000001	4.17206	2.856	4.83545	4.24337	3.8901400000000006	4.439959999999999	3.9128	4.36409	4.986370000000001	2.6903300000000003	3.1004999999999994	2.14096	1.54332	3.5522	3.18415	4.90161	4.542730000000001	3.570359999999999	4.79467	3.63528	2.7971	0.031120000000000037
P33410_1006	5.3639399999999995	5.426500000000001	1.0905	3.73599	3.80678	3.8572299999999995	3.9773300000000003	4.62272	3.1826500000000006	2.9531	4.8224800000000005	2.7558	3.39991	2.9745100000000004	4.51376	3.9835700000000003	5.1129999999999995	3.7482799999999994	2.5602	5.21479	6.24712	4.09738	0.34647000000000006	0.03323000000000009
P33410_1008	3.8745200000000004	4.512089999999999	4.432269999999999	3.4668900000000002	4.8806	3.8533999999999997	4.78595	2.80611	3.42567	2.8769299999999998	4.45889	3.33122	2.48658	1.3057499999999997	4.00668	3.58314	4.32827	2.8338699999999997	4.34015	4.26916	4.4835899999999995	4.194100000000001	2.4528499999999998	0.028699999999999948
P33410_1009	4.68855	3.76203	4.444920000000001	4.4019200000000005	3.9735199999999997	3.66624	4.520009999999999	3.5734399999999997	3.57486	3.8348999999999993	4.07181	3.6762700000000006	2.51486	1.9531999999999998	3.72891	3.0419400000000003	3.6146900000000004	3.8657900000000005	3.7918900000000004	3.9816599999999998	4.4606	3.4259500000000003	2.2577	0.028380000000000072
P33410_1010	5.0061100000000005	4.68711	4.9216	3.9219799999999996	0.9409399999999999	3.15907	1.99756	3.55147	5.033430000000001	2.3694100000000002	3.3441	3.6318600000000005	2.97798	2.8631200000000003	4.23607	3.63666	4.22983	5.28322	4.99688	5.921270000000001	4.35584	4.1691	3.6517	0.03381999999999996
P33410_1011	4.61219	5.298850000000001	5.99287	2.78508	2.59296	3.7775099999999995	3.3900000000000006	3.71124	3.5409900000000007	2.35161	3.4136800000000003	3.4714799999999997	1.77521	1.7153299999999998	3.6009600000000006	2.6349699999999996	4.563439999999999	5.27691	4.975779999999999	5.076440000000001	4.81792	4.73097	1.5070999999999999	0.03410000000000002
P33410_1012	4.68459	3.879950000000001	4.30409	3.3855699999999995	3.9280299999999997	3.61517	4.74804	3.6988700000000003	3.5256799999999995	3.97091	3.81698	3.64776	2.37994	1.9906099999999998	3.9385700000000003	3.49094	3.9440600000000003	3.58293	4.11517	4.1243	4.70721	3.6580399999999997	2.48235	0.03564999999999996
P33410_1013	4.40657	3.7952199999999996	4.32475	3.7926900000000003	3.8930999999999996	3.5559899999999995	4.39616	3.4843900000000003	3.54077	3.94881	3.8954900000000006	3.46988	2.65747	1.9095500000000003	3.78033	3.1795999999999998	3.4965900000000003	4.00207	3.2047299999999996	4.047610000000001	4.63742	3.4139599999999994	1.98258	0.03530999999999995
P33410_1014	4.3899799999999995	3.7668800000000005	4.2663	3.8066500000000003	3.9439900000000003	3.60717	4.469740000000001	3.43917	3.4936100000000003	3.8547399999999996	3.8912199999999997	3.48808	2.66602	1.89038	3.8645999999999994	3.1338	3.4726099999999995	4.03753	3.3109599999999997	3.98926	4.6075800000000005	3.37148	1.95771	0.037390000000000034
P33410_1015	4.40972	3.784560000000001	4.29738	3.75995	3.8961699999999997	3.5245100000000003	4.34105	3.4416	3.4526700000000003	3.8712	3.8891600000000004	3.4625000000000004	2.6566	1.9086500000000002	3.8297299999999996	3.1943599999999996	3.4472199999999997	3.8999999999999995	3.2265700000000006	3.93919	4.51957	3.37045	1.9626100000000002	0.0355700000000001
P33410_1016	4.515280000000001	3.6497	4.392399999999999	3.86526	4.10388	3.8911	4.74969	3.2506699999999995	3.7074800000000003	4.12054	4.01553	3.3628099999999996	2.92482	2.08743	4.03707	2.81588	3.0462800000000003	3.91521	3.34666	3.93567	4.52002	3.0918399999999995	1.9344700000000001	0.03482000000000007
P33410_1017	4.25425	3.7909499999999996	4.229	3.7079000000000004	3.81341	3.4711	4.25768	3.3861000000000008	3.39987	3.7922700000000003	3.77449	3.3712400000000002	2.58078	1.88986	3.7204499999999996	3.13347	3.3312600000000003	3.8430299999999997	3.1702399999999997	3.8883899999999993	5.09875	3.32791	3.17563	0.042869999999999964
P33410_1018	4.3136399999999995	3.5774500000000007	4.20998	4.120660000000001	3.80114	3.41625	4.23808	3.39056	3.4208800000000004	3.86852	3.7674200000000004	3.3174799999999998	2.38061	1.8715000000000002	3.6485199999999995	3.0875400000000006	3.4163300000000003	3.8475200000000003	3.1324000000000005	3.87561	4.527950000000001	3.22098	3.8905200000000004	0.04045999999999994
P33410_1019	6.259529999999999	3.36522	2.55289	3.8276199999999996	3.90967	2.17666	6.360939999999999	2.31183	5.025080000000001	3.1529299999999996	5.1930700000000005	3.34575	0.7609300000000001	2.8765199999999997	3.4512099999999997	5.32815	4.08202	2.9395800000000003	4.09239	2.9560899999999997	2.13782	1.99158	1.3221499999999997	0.04448999999999992
P33410_1020	3.7401599999999995	2.9767200000000003	5.285550000000001	6.19688	3.71434	4.37205	3.79547	2.67193	2.6238	4.21721	5.59078	3.9661999999999997	3.51333	1.2759200000000002	4.27444	2.14396	2.99183	4.41228	1.8666800000000001	2.3099999999999996	4.77413	3.3552299999999997	1.0772300000000001	0.042180000000000106
P33410_1021	4.34622	3.76131	4.28106	3.8196199999999996	3.9279600000000006	3.5574199999999996	4.40627	3.4822299999999995	3.4863	3.87528	3.84488	3.48538	2.66227	1.9152400000000003	3.7475799999999992	3.16784	3.41662	3.9974600000000002	3.23827	3.8812700000000007	4.56651	3.27942	1.9816200000000004	0.042219999999999924
P33410_1022	4.4974300000000005	3.78268	4.3523000000000005	3.7029300000000003	3.88842	3.47809	4.40057	3.5334400000000006	3.53233	3.87988	3.9879800000000003	3.46258	2.6182600000000003	1.9069900000000004	3.9039699999999993	3.27998	3.572189999999999	4.00562	3.3602099999999995	4.05199	4.7544900000000005	3.4970800000000004	1.98408	0.03381999999999996
P33410_1024	4.31733	3.73545	4.63141	4.15621	3.9463599999999994	3.7284300000000004	4.44777	3.0559700000000003	3.63567	3.77126	3.7892799999999998	3.3358499999999998	2.57777	1.95777	3.9312300000000002	3.2043800000000005	3.711309999999999	4.05476	3.01788	4.10791	4.51465	3.22189	2.4467	0.024410000000000043
