Sample	CATEGORY	TOTAL_READS	PF_READS	PCT_PF_READS	PF_NOISE_READS	PF_READS_ALIGNED	PCT_PF_READS_ALIGNED	PF_ALIGNED_BASES	PF_HQ_ALIGNED_READS	PF_HQ_ALIGNED_BASES	PF_HQ_ALIGNED_Q20_BASES	PF_HQ_MEDIAN_MISMATCHES	PF_MISMATCH_RATE	PF_HQ_ERROR_RATE	PF_INDEL_RATE	MEAN_READ_LENGTH	SD_READ_LENGTH	MEDIAN_READ_LENGTH	MAD_READ_LENGTH	MIN_READ_LENGTH	MAX_READ_LENGTH	MEAN_ALIGNED_READ_LENGTH	READS_ALIGNED_IN_PAIRS	PCT_READS_ALIGNED_IN_PAIRS	PF_READS_IMPROPER_PAIRS	PCT_PF_READS_IMPROPER_PAIRS	BAD_CYCLES	STRAND_BALANCE	PCT_CHIMERAS	PCT_ADAPTER	PCT_SOFTCLIP	PCT_HARDCLIP	AVG_POS_3PRIME_SOFTCLIP_LENGTH	SAMPLE	LIBRARY	READ_GROUP
P33410_1001.alignment_metrics	PAIR	78804164.0	78804164.0	1.0	0.0	78790224.0	0.999823	11101251848.0	75811970.0	10719258547.0	10545508806.0	0.0	0.003507	0.003368	0.000251	142.954403	18.877163	151.0	0.0	15.0	151.0	140.911978	78784674.0	0.99993	2661474.0	0.033779	0.0	0.500674	0.047894	2e-06	0.014131	0.0	33.933818			
P33410_1002.alignment_metrics	PAIR	78996358.0	78996358.0	1.0	0.0	78984878.0	0.999855	11106995636.0	76086067.0	10733803758.0	10562861792.0	0.0	0.00347	0.00333	0.00025	142.692421	19.160092	151.0	0.0	15.0	151.0	140.641962	78980282.0	0.999942	2737050.0	0.034653	0.0	0.500608	0.049685	3e-06	0.014241	0.0	33.731518			
P33410_1003.alignment_metrics	PAIR	79055466.0	79055466.0	1.0	0.0	79043070.0	0.999843	11062392101.0	76128904.0	10690901935.0	10522133262.0	0.0	0.003423	0.003298	0.000242	142.049435	19.825661	151.0	0.0	15.0	151.0	139.970477	79038234.0	0.999939	2707296.0	0.034251	0.0	0.500572	0.049618	2e-06	0.014494	0.0	33.770617			
P33410_1004.alignment_metrics	PAIR	78971364.0	78971364.0	1.0	0.0	78956440.0	0.999811	11019181894.0	75870742.0	10630601259.0	10464593646.0	0.0	0.003485	0.00333	0.000263	141.843824	20.097722	151.0	0.0	15.0	151.0	139.576073	78950648.0	0.999927	2736736.0	0.034661	0.0	0.500519	0.051191	2e-06	0.015816	0.0	34.089886			
P33410_1005.alignment_metrics	PAIR	79056198.0	79056198.0	1.0	0.0	79041294.0	0.999811	11072644137.0	76099054.0	10700016081.0	10524639843.0	0.0	0.003579	0.003435	0.000249	142.237766	19.631945	151.0	0.0	15.0	151.0	140.100094	79035982.0	0.999933	2683134.0	0.033946	0.0	0.500477	0.049448	2e-06	0.014855	0.0	33.6019			
P33410_1006.alignment_metrics	PAIR	79008632.0	79008632.0	1.0	0.0	78993361.0	0.999807	11042961965.0	75897302.0	10649632378.0	10482259113.0	0.0	0.003488	0.003339	0.000252	141.953142	19.833831	151.0	0.0	15.0	151.0	139.809111	78988060.0	0.999933	2623537.0	0.033212	0.0	0.500505	0.048756	2e-06	0.014925	0.0	33.895528			
P33410_1008.alignment_metrics	PAIR	78793344.0	78793344.0	1.0	0.0	78781586.0	0.999851	11015764338.0	75821080.0	10638723393.0	10461851746.0	0.0	0.003548	0.003411	0.000249	141.847757	20.227465	151.0	0.0	15.0	151.0	139.845687	78776470.0	0.999935	2598646.0	0.032985	0.0	0.500712	0.047882	2e-06	0.013988	0.0	33.493466			
P33410_1009.alignment_metrics	PAIR	78869410.0	78869410.0	1.0	0.0	78857719.0	0.999852	11093562165.0	76124446.0	10741751307.0	10570828081.0	0.0	0.003423	0.003298	0.000239	142.537752	19.341004	151.0	0.0	15.0	151.0	140.695126	78852988.0	0.99994	2527197.0	0.032048	0.0	0.500613	0.045112	7e-06	0.0128	0.0	33.423822			
P33410_1010.alignment_metrics	PAIR	78853772.0	78853772.0	1.0	0.0	78840878.0	0.999836	11065438508.0	75890638.0	10687782787.0	10511959723.0	0.0	0.003523	0.00339	0.000248	142.443792	19.562428	151.0	0.0	15.0	151.0	140.367869	78835228.0	0.999928	2769580.0	0.035129	0.0	0.500657	0.050499	3e-06	0.014433	0.0	33.742496			
P33410_1011.alignment_metrics	PAIR	79005222.0	79005222.0	1.0	0.0	78989254.0	0.999798	11011612819.0	75734086.0	10605454189.0	10441703308.0	0.0	0.003457	0.003302	0.000258	141.747565	20.268044	151.0	0.0	15.0	151.0	139.419428	78981848.0	0.999906	2759138.0	0.034931	0.0	0.500561	0.051315	3e-06	0.016245	0.0	34.445157			
P33410_1012.alignment_metrics	PAIR	79014276.0	79014276.0	1.0	0.0	79002584.0	0.999852	11140169648.0	76040467.0	10753795734.0	10576822953.0	0.0	0.003577	0.003435	0.00024	142.822506	18.993725	151.0	0.0	15.0	151.0	141.027414	78998322.0	0.999946	2446550.0	0.030968	0.0	0.500527	0.043681	3e-06	0.012439	0.0	32.903901			
P33410_1013.alignment_metrics	PAIR	78968438.0	78968438.0	1.0	0.0	78949017.0	0.999754	10764169775.0	76054953.0	10422782425.0	10265442721.0	0.0	0.003419	0.003258	0.00029	139.141663	25.332672	151.0	0.0	15.0	151.0	136.352728	78937308.0	0.999852	3137671.0	0.039743	0.0	0.500644	0.063755	4e-06	0.019898	0.0	34.400874			
P33410_1014.alignment_metrics	PAIR	78973874.0	78973874.0	1.0	0.0	78953751.0	0.999745	10755909354.0	76017628.0	10407938882.0	10249205992.0	0.0	0.003454	0.003286	0.00029	139.165617	25.190775	151.0	0.0	15.0	151.0	136.238693	78942466.0	0.999857	3151221.0	0.039912	0.0	0.500632	0.065977	4e-06	0.02087	0.0	34.48507			
P33410_1015.alignment_metrics	PAIR	78981632.0	78981632.0	1.0	0.0	78961244.0	0.999742	10677378546.0	76018984.0	10334455925.0	10177611818.0	0.0	0.003423	0.003273	0.000287	138.086861	26.170571	151.0	0.0	15.0	151.0	135.230229	78949456.0	0.999851	3070502.0	0.038886	0.0	0.500662	0.064198	4e-06	0.02053	0.0	34.304933			
P33410_1016.alignment_metrics	PAIR	78879432.0	78879432.0	1.0	0.0	78857419.0	0.999721	10902549775.0	76096359.0	10567611793.0	10409633431.0	0.0	0.003406	0.003246	0.000286	141.279968	22.964732	151.0	0.0	15.0	151.0	138.260738	78844510.0	0.999836	3497627.0	0.044354	0.0	0.500648	0.070589	3e-06	0.021205	0.0	34.890066			
P33410_1017.alignment_metrics	PAIR	78900530.0	78900530.0	1.0	0.0	78875071.0	0.999677	10688184487.0	75812953.0	10329621737.0	10174160072.0	0.0	0.00344	0.003265	0.000288	138.500005	25.798215	151.0	0.0	15.0	151.0	135.506606	78857862.0	0.999782	3223841.0	0.040873	0.0	0.500782	0.067201	4e-06	0.021451	0.0	34.42651			
P33410_1018.alignment_metrics	PAIR	79010834.0	79010834.0	1.0	0.0	78992295.0	0.999765	10768617484.0	76081134.0	10422323303.0	10270384415.0	0.0	0.003339	0.003182	0.000285	139.287719	24.823934	151.0	0.0	15.0	151.0	136.334896	78981990.0	0.99987	3164797.0	0.040065	0.0	0.500615	0.066274	3e-06	0.021052	0.0	34.556339			
P33410_1019.alignment_metrics	PAIR	78982546.0	78982546.0	1.0	0.0	78961515.0	0.999734	10699439960.0	75505095.0	10287245557.0	10131866998.0	0.0	0.003525	0.003319	0.000292	138.639086	25.303396	151.0	0.0	15.0	151.0	135.50914	78951010.0	0.999867	3248995.0	0.041147	0.0	0.500568	0.069191	2e-06	0.022397	0.0	34.41659			
P33410_1020.alignment_metrics	PAIR	78986298.0	78986298.0	1.0	0.0	78957368.0	0.999634	10829706635.0	76276970.0	10513991697.0	10365515907.0	0.0	0.003357	0.003181	0.00029	140.284029	24.189885	151.0	0.0	15.0	151.0	137.151927	78937630.0	0.99975	3514036.0	0.044505	0.0	0.500775	0.071986	3e-06	0.022151	0.0	34.813344			
P33410_1021.alignment_metrics	PAIR	78957716.0	78957716.0	1.0	0.0	78936879.0	0.999736	10715154935.0	75833128.0	10349876701.0	10195011950.0	0.0	0.003473	0.003279	0.000292	138.763355	25.523278	151.0	0.0	15.0	151.0	135.750938	78924756.0	0.999846	3232555.0	0.040951	0.0	0.500638	0.067411	5e-06	0.021542	0.0	34.467528			
P33410_1022.alignment_metrics	PAIR	78959454.0	78959454.0	1.0	0.0	78940120.0	0.999755	10775173990.0	76109143.0	10438649335.0	10281312163.0	0.0	0.003378	0.003236	0.000281	139.418818	24.740642	151.0	0.0	15.0	151.0	136.506024	78929218.0	0.999862	3146394.0	0.039858	0.0	0.50061	0.065498	4e-06	0.020741	0.0	34.571818			
P33410_1024.alignment_metrics	PAIR	79014582.0	79014582.0	1.0	0.0	78999404.0	0.999808	10821736571.0	76561103.0	10529799058.0	10374917484.0	0.0	0.003232	0.003132	0.000275	139.529075	24.224669	151.0	0.0	15.0	151.0	136.99907	78990424.0	0.999886	2729346.0	0.034549	0.0	0.500563	0.056471	2e-06	0.018017	0.0	34.48699			
